#=====================================================
# File created:        Sun-27-Oct-2024-at-04-17-18PM
# Size of lattice:     250x250
# Number of MC steps:  100
# Reduced temperature: 1.000
# Run time (s):        80.076548
#=====================================================
# MC step:  Ratio:     Energy:   Order:
#=====================================================
   00000    0.5000  -62328.5909  0.2527 
   00001    0.6961  -94476.5946  0.2517 
   00002    0.6241 -109993.4205  0.2536 
   00003    0.5884 -119128.5970  0.2567 
   00004    0.5639 -124974.8275  0.2595 
   00005    0.5536 -128678.3960  0.2593 
   00006    0.5442 -131712.4535  0.2575 
   00007    0.5318 -134549.6778  0.2567 
   00008    0.5243 -136310.6975  0.2562 
   00009    0.5237 -137919.0181  0.2563 
   00010    0.5197 -139094.9479  0.2572 
   00011    0.5169 -140490.8725  0.2581 
   00012    0.5108 -141107.2866  0.2565 
   00013    0.5096 -141936.7471  0.2580 
   00014    0.5058 -142671.3733  0.2588 
   00015    0.5023 -143976.7761  0.2604 
   00016    0.5015 -144432.3633  0.2618 
   00017    0.5029 -144941.9173  0.2581 
   00018    0.5016 -144881.6238  0.2600 
   00019    0.5034 -145168.2146  0.2610 
   00020    0.5002 -145368.4615  0.2621 
   00021    0.5008 -145355.9764  0.2618 
   00022    0.4970 -145056.7211  0.2602 
   00023    0.4995 -145127.4985  0.2599 
   00024    0.4993 -145638.0109  0.2583 
   00025    0.4979 -145354.4699  0.2583 
   00026    0.4933 -145983.1855  0.2556 
   00027    0.4972 -145993.5129  0.2576 
   00028    0.4976 -146454.1997  0.2584 
   00029    0.4941 -146669.2522  0.2570 
   00030    0.4954 -146666.6641  0.2542 
   00031    0.4955 -146688.4939  0.2569 
   00032    0.4981 -146508.5044  0.2570 
   00033    0.4973 -146374.4709  0.2577 
   00034    0.4986 -146459.2008  0.2594 
   00035    0.4929 -146458.9436  0.2571 
   00036    0.4939 -146583.2860  0.2585 
   00037    0.4951 -146937.5724  0.2574 
   00038    0.4910 -146751.1654  0.2556 
   00039    0.4942 -147169.8554  0.2560 
   00040    0.4964 -146586.2123  0.2529 
   00041    0.4972 -146479.9078  0.2536 
   00042    0.4960 -146623.5457  0.2517 
   00043    0.4969 -146983.2458  0.2525 
   00044    0.4944 -147197.7609  0.2540 
   00045    0.4957 -147364.7229  0.2524 
   00046    0.4976 -147119.3974  0.2535 
   00047    0.4980 -146983.1516  0.2566 
   00048    0.4952 -147195.8292  0.2542 
   00049    0.4923 -147592.6358  0.2523 
   00050    0.4900 -147626.4329  0.2532 
   00051    0.4945 -147382.0112  0.2522 
   00052    0.4995 -147092.4619  0.2538 
   00053    0.4936 -147217.2274  0.2563 
   00054    0.4960 -146820.0908  0.2566 
   00055    0.4924 -147201.3863  0.2568 
   00056    0.4930 -147248.3147  0.2559 
   00057    0.4931 -147450.3458  0.2565 
   00058    0.4938 -147603.8546  0.2569 
   00059    0.4932 -147618.1527  0.2563 
   00060    0.4921 -147349.7711  0.2555 
   00061    0.4916 -147050.3888  0.2524 
   00062    0.4960 -146960.7065  0.2521 
   00063    0.4921 -147410.1985  0.2544 
   00064    0.4913 -147588.9491  0.2559 
   00065    0.4936 -147112.6106  0.2563 
   00066    0.4917 -147531.1764  0.2569 
   00067    0.4928 -147376.6588  0.2577 
   00068    0.4953 -147126.7405  0.2591 
   00069    0.4921 -147506.4428  0.2615 
   00070    0.4950 -147485.7051  0.2613 
   00071    0.4927 -147292.9012  0.2628 
   00072    0.4915 -147306.1227  0.2643 
   00073    0.4958 -146962.0003  0.2626 
   00074    0.4939 -147251.8740  0.2642 
   00075    0.4932 -147737.5975  0.2642 
   00076    0.4933 -147863.4002  0.2646 
   00077    0.4906 -147905.8316  0.2649 
   00078    0.4944 -148273.2747  0.2656 
   00079    0.4917 -147955.9061  0.2666 
   00080    0.4900 -147490.3346  0.2654 
   00081    0.4967 -147835.4936  0.2650 
   00082    0.4932 -147592.3647  0.2659 
   00083    0.4954 -147387.5310  0.2666 
   00084    0.4954 -147655.2514  0.2664 
   00085    0.4908 -147176.2442  0.2659 
   00086    0.4936 -147223.7756  0.2651 
   00087    0.4954 -147309.9260  0.2656 
   00088    0.4910 -147485.6993  0.2657 
   00089    0.4932 -146862.4705  0.2671 
   00090    0.4974 -147000.2021  0.2657 
   00091    0.4925 -147545.7215  0.2655 
   00092    0.4946 -147793.6208  0.2661 
   00093    0.4904 -147408.2629  0.2653 
   00094    0.4954 -146940.8463  0.2647 
   00095    0.4930 -147026.8759  0.2635 
   00096    0.4917 -146821.3628  0.2630 
   00097    0.4919 -146863.9087  0.2614 
   00098    0.4943 -146309.6979  0.2619 
   00099    0.4953 -147043.4213  0.2635 
   00100    0.4940 -147022.3508  0.2628 
