#=====================================================
# File created:        Sun-27-Oct-2024-at-04-19-14PM
# Size of lattice:     300x300
# Number of MC steps:  100
# Reduced temperature: 1.000
# Run time (s):        115.546004
#=====================================================
# MC step:  Ratio:     Energy:   Order:
#=====================================================
   00000    0.5000  -90098.9959  0.2539 
   00001    0.6933 -136381.9395  0.2564 
   00002    0.6289 -158237.5765  0.2539 
   00003    0.5863 -170923.3109  0.2525 
   00004    0.5699 -179165.9427  0.2525 
   00005    0.5498 -185543.8985  0.2515 
   00006    0.5387 -189978.4866  0.2524 
   00007    0.5308 -193818.5423  0.2533 
   00008    0.5297 -196529.9442  0.2559 
   00009    0.5237 -198736.2487  0.2554 
   00010    0.5174 -200485.9358  0.2546 
   00011    0.5167 -201708.0391  0.2553 
   00012    0.5113 -202821.6840  0.2587 
   00013    0.5099 -203857.2371  0.2571 
   00014    0.5121 -204756.1179  0.2568 
   00015    0.5051 -205485.3004  0.2570 
   00016    0.5039 -206070.5378  0.2580 
   00017    0.5052 -206535.6613  0.2576 
   00018    0.5017 -207579.1049  0.2586 
   00019    0.5026 -208075.7979  0.2589 
   00020    0.4994 -208118.1309  0.2579 
   00021    0.5021 -208979.0568  0.2562 
   00022    0.5008 -208980.0321  0.2563 
   00023    0.5008 -208868.3003  0.2553 
   00024    0.4999 -209490.9509  0.2567 
   00025    0.4973 -209769.2532  0.2585 
   00026    0.4962 -210015.5287  0.2570 
   00027    0.4981 -209887.9274  0.2580 
   00028    0.4972 -210809.1446  0.2572 
   00029    0.4955 -210822.4987  0.2573 
   00030    0.4969 -210696.1123  0.2580 
   00031    0.4977 -210739.4442  0.2581 
   00032    0.4961 -211293.3308  0.2585 
   00033    0.4915 -211299.4113  0.2590 
   00034    0.4962 -210686.2753  0.2626 
   00035    0.4953 -210455.5692  0.2618 
   00036    0.4962 -210939.3718  0.2632 
   00037    0.4984 -210797.2464  0.2634 
   00038    0.4974 -211156.5935  0.2653 
   00039    0.4953 -211362.2194  0.2625 
   00040    0.4943 -211545.2948  0.2625 
   00041    0.4935 -211871.4946  0.2603 
   00042    0.4941 -211572.8974  0.2595 
   00043    0.4919 -212196.9704  0.2593 
   00044    0.4952 -212482.1594  0.2593 
   00045    0.4937 -212320.3048  0.2579 
   00046    0.4934 -211861.5929  0.2563 
   00047    0.4939 -211951.3111  0.2559 
   00048    0.4926 -212217.6918  0.2563 
   00049    0.4952 -211896.4865  0.2553 
   00050    0.4960 -212143.7782  0.2565 
   00051    0.4967 -212199.9168  0.2549 
   00052    0.4918 -212865.1241  0.2542 
   00053    0.4925 -212431.1308  0.2515 
   00054    0.4947 -211971.2771  0.2511 
   00055    0.4946 -211693.4039  0.2511 
   00056    0.4945 -211932.5631  0.2517 
   00057    0.4924 -212151.4824  0.2535 
   00058    0.4960 -212001.8408  0.2506 
   00059    0.4953 -211346.5248  0.2541 
   00060    0.4972 -211328.7700  0.2503 
   00061    0.4949 -211919.5630  0.2518 
   00062    0.4921 -212155.3364  0.2533 
   00063    0.4949 -212343.4678  0.2542 
   00064    0.4924 -212296.7353  0.2521 
   00065    0.4916 -212582.0573  0.2529 
   00066    0.4913 -212424.5261  0.2535 
   00067    0.4943 -212106.6949  0.2531 
   00068    0.4938 -212259.9885  0.2526 
   00069    0.4948 -212773.6619  0.2506 
   00070    0.4934 -212677.8547  0.2507 
   00071    0.4947 -212738.6189  0.2524 
   00072    0.4934 -212267.3308  0.2529 
   00073    0.4893 -212236.2433  0.2519 
   00074    0.4932 -211996.7667  0.2525 
   00075    0.4925 -212154.1502  0.2548 
   00076    0.4945 -211982.5251  0.2554 
   00077    0.4944 -212432.7401  0.2564 
   00078    0.4936 -212079.0946  0.2581 
   00079    0.4916 -212155.7865  0.2590 
   00080    0.4943 -212294.2577  0.2589 
   00081    0.4905 -212333.4763  0.2595 
   00082    0.4944 -212450.2016  0.2573 
   00083    0.4895 -212227.7317  0.2541 
   00084    0.4932 -212359.1706  0.2555 
   00085    0.4941 -212761.7676  0.2551 
   00086    0.4913 -213379.9207  0.2558 
   00087    0.4903 -212927.5110  0.2556 
   00088    0.4928 -213087.4162  0.2544 
   00089    0.4891 -212633.0392  0.2535 
   00090    0.4929 -212367.1125  0.2522 
   00091    0.4909 -212963.0627  0.2533 
   00092    0.4931 -212402.3361  0.2512 
   00093    0.4927 -212284.2239  0.2517 
   00094    0.4919 -212315.4699  0.2523 
   00095    0.4946 -212571.9012  0.2528 
   00096    0.4947 -212160.7436  0.2514 
   00097    0.4957 -212525.9736  0.2532 
   00098    0.4921 -212872.7783  0.2552 
   00099    0.4927 -213082.7238  0.2550 
   00100    0.4891 -212860.7975  0.2541 
