#=====================================================
# File created:        Mon-28-Oct-2024-at-09-48-34PM
# Size of lattice:     300x300
# Number of MC steps:  100
# Reduced temperature: 1.000
# Run time (s):        116.484144
#=====================================================
# MC step:  Ratio:     Energy:   Order:
#=====================================================
   00000    0.5000  -90069.1412  0.2521 
   00001    0.6938 -136064.1552  0.2542 
   00002    0.6265 -158049.7629  0.2545 
   00003    0.5898 -171516.1507  0.2564 
   00004    0.5649 -180466.5909  0.2564 
   00005    0.5488 -186551.4873  0.2552 
   00006    0.5414 -190751.9185  0.2544 
   00007    0.5324 -193560.9758  0.2573 
   00008    0.5302 -196407.5794  0.2588 
   00009    0.5209 -198658.1905  0.2589 
   00010    0.5179 -200519.8482  0.2583 
   00011    0.5145 -201877.1739  0.2599 
   00012    0.5132 -202992.4357  0.2616 
   00013    0.5106 -204205.4035  0.2628 
   00014    0.5065 -205149.9163  0.2620 
   00015    0.5044 -205777.5337  0.2621 
   00016    0.5062 -205811.5639  0.2630 
   00017    0.5024 -206121.9830  0.2630 
   00018    0.5059 -206429.2527  0.2643 
   00019    0.5028 -207898.8962  0.2626 
   00020    0.5025 -208004.8393  0.2617 
   00021    0.5020 -208398.6732  0.2618 
   00022    0.5007 -208795.4945  0.2626 
   00023    0.4981 -209122.8767  0.2656 
   00024    0.4965 -210037.4418  0.2653 
   00025    0.4986 -209369.9904  0.2632 
   00026    0.5019 -209637.3959  0.2644 
   00027    0.4984 -209561.9049  0.2608 
   00028    0.4967 -209817.5788  0.2621 
   00029    0.4985 -210829.8299  0.2616 
   00030    0.4970 -210551.2287  0.2618 
   00031    0.4945 -211197.7355  0.2619 
   00032    0.4945 -210669.8429  0.2643 
   00033    0.4972 -210021.3872  0.2643 
   00034    0.4982 -210130.8110  0.2633 
   00035    0.4978 -210611.5590  0.2665 
   00036    0.4989 -210448.1958  0.2647 
   00037    0.4979 -210401.7817  0.2645 
   00038    0.4951 -210533.7597  0.2636 
   00039    0.4972 -210737.3914  0.2641 
   00040    0.4965 -211032.9059  0.2642 
   00041    0.4952 -211047.7048  0.2644 
   00042    0.4973 -210434.0191  0.2637 
   00043    0.4937 -210973.7050  0.2629 
   00044    0.4959 -211166.0793  0.2633 
   00045    0.4955 -211269.3156  0.2623 
   00046    0.4934 -212010.8982  0.2617 
   00047    0.4954 -211719.2683  0.2612 
   00048    0.4957 -211464.6001  0.2603 
   00049    0.4927 -211663.1686  0.2596 
   00050    0.4962 -211802.6479  0.2595 
   00051    0.4905 -211782.9044  0.2587 
   00052    0.4949 -211731.9270  0.2574 
   00053    0.4955 -211343.5693  0.2568 
   00054    0.4958 -211080.5323  0.2542 
   00055    0.4961 -211707.3327  0.2573 
   00056    0.4943 -211848.3378  0.2573 
   00057    0.4934 -212267.0032  0.2587 
   00058    0.4943 -212290.2186  0.2581 
   00059    0.4944 -212500.9112  0.2564 
   00060    0.4934 -212691.0816  0.2558 
   00061    0.4908 -212834.7792  0.2547 
   00062    0.4919 -212536.8600  0.2550 
   00063    0.4955 -212480.2121  0.2570 
   00064    0.4943 -213163.0364  0.2573 
   00065    0.4928 -212970.7789  0.2568 
   00066    0.4911 -213122.6632  0.2578 
   00067    0.4920 -213307.9559  0.2581 
   00068    0.4887 -212970.6821  0.2593 
   00069    0.4898 -212339.9389  0.2627 
   00070    0.4938 -212641.6067  0.2623 
   00071    0.4928 -213211.4979  0.2627 
   00072    0.4909 -213123.0541  0.2614 
   00073    0.4920 -212845.9633  0.2617 
   00074    0.4926 -213904.1204  0.2620 
   00075    0.4928 -214058.9373  0.2622 
   00076    0.4918 -213510.7642  0.2633 
   00077    0.4913 -213755.1191  0.2627 
   00078    0.4911 -213760.7137  0.2615 
   00079    0.4923 -213681.4817  0.2626 
   00080    0.4923 -213158.4682  0.2618 
   00081    0.4899 -213217.5867  0.2610 
   00082    0.4938 -213216.6398  0.2629 
   00083    0.4917 -213286.3881  0.2637 
   00084    0.4932 -212623.4987  0.2622 
   00085    0.4925 -212710.6290  0.2624 
   00086    0.4930 -213077.0400  0.2631 
   00087    0.4912 -212868.4889  0.2624 
   00088    0.4943 -212256.1225  0.2620 
   00089    0.4921 -212529.4641  0.2615 
   00090    0.4934 -212343.5678  0.2585 
   00091    0.4933 -212479.7224  0.2585 
   00092    0.4888 -212893.9623  0.2572 
   00093    0.4905 -212898.7870  0.2586 
   00094    0.4924 -213577.4522  0.2574 
   00095    0.4870 -213789.2155  0.2580 
   00096    0.4888 -213636.3742  0.2603 
   00097    0.4912 -213309.9241  0.2608 
   00098    0.4954 -212974.6628  0.2645 
   00099    0.4908 -212920.8044  0.2658 
   00100    0.4908 -212726.9093  0.2664 
