#=====================================================
# File created:        Mon-28-Oct-2024-at-09-46-36PM
# Size of lattice:     250x250
# Number of MC steps:  100
# Reduced temperature: 1.000
# Run time (s):        83.856381
#=====================================================
# MC step:  Ratio:     Energy:   Order:
#=====================================================
   00000    0.5000  -62349.5222  0.2534 
   00001    0.6906  -95190.3430  0.2550 
   00002    0.6252 -110560.4156  0.2558 
   00003    0.5852 -119711.7944  0.2560 
   00004    0.5683 -125351.4113  0.2546 
   00005    0.5519 -129627.2521  0.2523 
   00006    0.5366 -132903.0201  0.2531 
   00007    0.5329 -134721.4653  0.2536 
   00008    0.5284 -136072.9563  0.2545 
   00009    0.5256 -137915.5105  0.2550 
   00010    0.5229 -139056.1648  0.2569 
   00011    0.5183 -139661.3455  0.2577 
   00012    0.5143 -140434.2469  0.2617 
   00013    0.5132 -141169.1243  0.2618 
   00014    0.5084 -141391.4620  0.2611 
   00015    0.5124 -142397.6753  0.2622 
   00016    0.5064 -143052.1734  0.2630 
   00017    0.5063 -143052.8973  0.2604 
   00018    0.5056 -143960.6046  0.2618 
   00019    0.5039 -144618.5056  0.2604 
   00020    0.5018 -144492.2875  0.2601 
   00021    0.5027 -144177.6458  0.2598 
   00022    0.5016 -144245.1457  0.2605 
   00023    0.4986 -144722.6067  0.2601 
   00024    0.4979 -145115.3274  0.2589 
   00025    0.5030 -145397.7702  0.2598 
   00026    0.4952 -145629.3142  0.2609 
   00027    0.5026 -145453.7692  0.2599 
   00028    0.4979 -146107.0537  0.2562 
   00029    0.4937 -146397.5906  0.2564 
   00030    0.4943 -146242.4391  0.2579 
   00031    0.4980 -146978.2175  0.2569 
   00032    0.4942 -147233.4886  0.2567 
   00033    0.4937 -147106.0725  0.2540 
   00034    0.4983 -146688.0785  0.2523 
   00035    0.4942 -146979.6725  0.2534 
   00036    0.4946 -146863.0589  0.2528 
   00037    0.4962 -147014.5488  0.2528 
   00038    0.4951 -147278.1645  0.2558 
   00039    0.4960 -147195.4693  0.2582 
   00040    0.4938 -146725.6707  0.2595 
   00041    0.4982 -146434.7207  0.2564 
   00042    0.4933 -146654.1192  0.2563 
   00043    0.4970 -146634.6049  0.2565 
   00044    0.4980 -146928.7134  0.2581 
   00045    0.4942 -147128.1981  0.2585 
   00046    0.4931 -146969.0674  0.2599 
   00047    0.4948 -146659.5287  0.2582 
   00048    0.4944 -146827.7974  0.2565 
   00049    0.4914 -147222.4698  0.2578 
   00050    0.4951 -147098.0607  0.2567 
   00051    0.4958 -146964.1534  0.2550 
   00052    0.4910 -147364.9439  0.2540 
   00053    0.4937 -147249.3698  0.2548 
   00054    0.4911 -147045.7025  0.2550 
   00055    0.4971 -146882.4711  0.2588 
   00056    0.4953 -147174.3364  0.2607 
   00057    0.4901 -147374.8465  0.2612 
   00058    0.4940 -146984.7650  0.2601 
   00059    0.4966 -147050.0368  0.2570 
   00060    0.4910 -146741.3200  0.2530 
   00061    0.4964 -146676.9373  0.2535 
   00062    0.4920 -147729.8633  0.2558 
   00063    0.4927 -147853.0151  0.2545 
   00064    0.4863 -148028.5021  0.2539 
   00065    0.4929 -147795.0631  0.2515 
   00066    0.4922 -147690.7305  0.2510 
   00067    0.4924 -147682.8191  0.2522 
   00068    0.4930 -147196.5597  0.2516 
   00069    0.4928 -147813.6393  0.2538 
   00070    0.4876 -148162.2808  0.2534 
   00071    0.4900 -147813.7263  0.2528 
   00072    0.4899 -147926.7531  0.2523 
   00073    0.4936 -147541.9418  0.2524 
   00074    0.4932 -147635.1699  0.2525 
   00075    0.4933 -147725.3393  0.2526 
   00076    0.4935 -147939.8466  0.2533 
   00077    0.4924 -147705.8669  0.2525 
   00078    0.4938 -147689.0821  0.2535 
   00079    0.4898 -147207.1955  0.2530 
   00080    0.4901 -147603.7857  0.2536 
   00081    0.4928 -147751.9176  0.2541 
   00082    0.4911 -147897.4368  0.2530 
   00083    0.4907 -147640.4658  0.2512 
   00084    0.4916 -147842.6727  0.2544 
   00085    0.4901 -147652.7736  0.2562 
   00086    0.4913 -147590.1946  0.2565 
   00087    0.4952 -147902.3974  0.2549 
   00088    0.4893 -148043.8094  0.2545 
   00089    0.4941 -148393.5736  0.2543 
   00090    0.4899 -148321.6393  0.2567 
   00091    0.4883 -148337.0631  0.2552 
   00092    0.4886 -148318.8130  0.2539 
   00093    0.4930 -147870.1502  0.2522 
   00094    0.4937 -147736.9342  0.2520 
   00095    0.4916 -147473.0438  0.2516 
   00096    0.4945 -147317.1941  0.2544 
   00097    0.4929 -147267.1946  0.2551 
   00098    0.4916 -147100.9672  0.2541 
   00099    0.4946 -146889.9743  0.2538 
   00100    0.4959 -147063.8817  0.2507 
